Unnamed: 0	clade_1	clade_2	clade_3	clade_4
g__Acetatifactor	0.00025459563303021927	7.78637104757317e-05	0.0	9.341725939917754e-05
g__Acidaminococcus	0.061463511203337366	0.1681222029613927	0.05476533210430215	0.056689301822823654
g__Acidovorax	0.0	0.0	0.0	8.397967142266449e-05
g__Acinetobacter	0.0	0.0	0.0	0.0
g__Actinobacillus	0.0	0.0	0.0	0.0
g__Actinomyces	0.0	0.0007555395812463476	0.0008702863102565636	0.0001046615191046471
g__Adlercreutzia	0.026693405121600455	0.1235733268835457	0.1087189632965429	0.12151634180832306
g__Agathobacter	0.025109762524657558	0.08113753398907707	0.07155426869074545	0.11043403376897513
g__Akkermansia	0.24116031804711413	1.5906909811286802	3.1951459813079426	0.6338558457696457
g__Alistipes	1.0648159771596526	3.358152802878326	3.757824018063047	2.1577024454631144
g__Allisonella	0.014107244577374252	0.0028910509332579905	0.0016669703584439705	0.00428839508133478
g__Allobaculum	0.0	0.0	0.0	0.0
g__Alloprevotella	0.7147950833706026	0.08513912945404119	0.22602065747320085	0.2756711294394616
g__Alloscardovia	0.0	6.446588723111268e-05	0.0	0.0
g__Anaerococcus	0.0	0.0	0.0006996038442867716	0.000355931841425246
g__Anaerofilum	0.0002663928970529072	0.0007473254421983782	0.0011281663536561262	0.0004797645064880471
g__Anaerofustis	0.0	0.000272590796835868	0.00013990964635038634	0.0002947393241206243
g__Anaeroplasma	0.043157703588657975	0.05816533474121971	0.16773532381132203	0.1084456945065191
g__Anaerosporomusa	0.0	0.0	0.0	0.0
g__Anaerostignum	0.0	0.0006196053015437324	0.0010492258876100876	0.00018882335943781268
g__Anaerostipes	0.5130178913719655	0.951410138561122	0.5272219129620043	0.9112318036490243
g__Anaerotruncus	0.0013844111471763036	0.01713016848432889	0.031905332712885	0.002164792372769486
g__Anaerovibrio	0.0415119645014784	0.0	0.0	0.0008449807255449239
g__Aquabacterium	0.0	0.0	0.0	0.0
g__Arcanobacterium	0.0	0.0	0.0	0.0
g__Arcobacter	0.0	0.0	0.0	0.0
g__Asteroleplasma	0.2627940885415806	0.04073645820417381	0.05260205490173502	0.7783476010259434
g__Atopobium	0.0	0.0	0.00032136980666392387	0.0
g__Bacillus	0.0006558120026022012	0.0007198558814242278	0.0	0.00025847755806441414
g__Bacteroides	6.909252246562073	31.597640196847088	9.281595929347246	16.025054533214465
g__Bacteroidespectinophilusgroup	0.0491126985707387	0.010672928160985131	0.11220977483897343	0.05391389792068066
g__Barnesiella	0.37418319394597577	1.1292062773365106	1.0431772145994256	0.7799911490847201
g__Bifidobacterium	0.9893659360539728	1.6216182919786668	1.685810343004614	1.9842718906164156
g__Bilophila	0.07739630658160164	0.20519614942032924	0.12329331801062206	0.10887884583374445
g__Blautia	2.10823131038379	3.668108620650982	2.036774269449318	3.5855756574244655
g__Brachyspira	0.0	0.0	0.0	0.0
g__Brevibacterium	0.0	0.0	0.0	0.0
g__Butyricicoccus	0.3924250175212337	0.4464859170068271	0.31981186950875745	0.5095012008269276
g__Butyricimonas	0.09615718592440681	0.11914147984872127	0.16771092734030274	0.0977468309252019
g__Butyrivibrio	0.583476844151385	0.08426093418121326	1.2545144403496171	0.3320257917971277
g__CAG-352	0.16496627910176392	0.06177964392565732	0.3064719669789699	0.2762168421196808
g__CAG-56	0.20983895170675387	0.17101201433157265	0.14924047838380783	0.3235602722940449
g__CAG-873	0.0773465866977919	0.0	0.04760617283688528	0.006779379752775507
g__Campylobacter	0.0	0.001535465523803164	0.00016859279925703522	0.0
g__CandidatusSoleaferrea	0.002655248591457283	6.998512816026585e-05	0.005249362793052353	0.0
g__CandidatusStoquefichus	0.0	0.0	0.0008309788931361149	0.0
g__Caproiciproducens	0.0	0.0	0.0	0.0
g__Catenibacterium	0.16612493641334064	0.0462552488693304	0.20446601926702793	0.1100139604188047
g__Catenisphaera	0.0	0.0	0.004455666837507375	0.0
g__Cellulosilyticum	0.00024179805872428554	0.0	0.0	0.00015177020430004023
g__Christensenella	0.0	0.00026270130241932396	0.0007604282468335443	0.0
g__ChristensenellaceaeR-7group	0.9078348202587359	0.9945401207085541	5.167971473701301	2.521110011255468
g__Citrobacter	0.01962395084465275	0.009485900251835017	0.018049626179864726	0.014731002888280696
g__Cloacibacillus	0.002675217896332582	0.0011798708317371782	0.07187126472994623	0.001948585760794816
g__Clostridioides	0.0	0.0	0.0	0.0
g__Clostridiuminnocuumgroup	0.0	0.020282417780975247	0.024163555960560378	0.0014283162760657753
g__Clostridiumsensustricto1	0.2029706388082646	0.22786467419655335	0.19566518653663645	0.2519215833299228
g__Colidextribacter	0.11283399770756818	0.3277083025804648	0.23301728567986693	0.17542512705164795
g__Collinsella	0.6245575029288347	0.5576233060125723	1.0387139156069987	0.8455911784921126
g__Comamonas	0.0	0.001205393581851176	0.006538222604738179	0.0
g__Companilactobacillus	0.0	0.00015415045701206196	0.0	0.0
g__Coprobacillus	0.0	0.00577624666181851	0.024274580053526618	0.010770736590535865
g__Coprobacter	0.017344647571490474	0.09467911890789625	0.04572097814697909	0.04412110693270333
g__Coprococcus	1.5533833704937656	0.7386672098297834	1.632385542384938	2.4248245542287625
g__CoriobacteriaceaeUCG-003	0.004066232845614029	0.0	0.018067098081140067	0.005297204425912886
g__Corynebacterium	0.0	0.000148459387449969	0.0	0.0
g__Cronobacter	0.0	0.0	0.0	0.0
g__DefluviitaleaceaeUCG-011	0.013195937181200051	0.02852358131603361	0.04561479345414057	0.02633800631246987
g__Desulfitibacter	0.0	0.0	0.0	0.0
g__Desulfovibrio	0.145828895466437	0.059275609160329576	0.32168902090801305	0.1286562436765481
g__dgA-11gutgroup	0.002059520131809289	0.0	0.0	0.0
g__Dialister	1.6054519024694849	1.2550613454687731	1.054289359124894	0.8449170561521994
g__Dielma	0.0004523366684252964	0.0019910578393110803	0.0029393577999902785	0.0015662372828453854
g__Dorea	0.629307659495496	0.6441179033696897	0.6962190841935698	0.7966674510065708
g__DTU089	0.004471946039439001	0.04358650393128567	0.030235522326912904	0.016347513828495128
g__Dysgonomonas	0.0	0.00036724758575846025	0.0	0.0
g__Eggerthella	0.001034330952352247	0.056176457508897285	0.018057802061765944	0.01951171975183055
g__Eisenbergiella	0.0019392553663668216	0.08440390158538214	0.07718350352111804	0.01016767179364545
g__Elusimicrobium	0.017230432246090385	0.0016621561792167006	0.0531432446010893	0.002959741292015509
g__Enhydrobacter	0.0	0.00038661836514558096	0.0	0.0
g__Enorma	0.0013431277826982265	0.013707451357691183	0.022732648682449275	0.0019996223549685185
g__Enterobacter	0.041303151421671375	0.0008937922177718441	0.011368003752806737	0.042993825468593774
g__Enterococcus	0.00546371137825499	0.010785921888222739	0.010569574121093921	0.018314499709906836
g__Enterorhabdus	0.02158571712426395	0.013353229234851837	0.09157221686731522	0.03156027012824397
g__Epulopiscium	0.0	0.0	0.0	0.00016774883302728477
g__Erysipelatoclostridium	0.005586809152632578	0.10589141748520083	0.022845381547363052	0.03273978087746582
g__ErysipelotrichaceaeUCG-003	0.2414208153434119	0.4834757451754097	0.24965948633425866	0.5339966839348982
g__ErysipelotrichaceaeUCG-006	0.0	0.0002587948299575183	0.0009957095979388217	0.0004552859195809891
g__Escherichia-Shigella	0.16184781922353378	0.5232654107834327	0.6594396925423925	0.3087054063114085
g__Eubacterium	0.0	8.590370432632218e-05	0.0009606397403131967	0.0009792768693171342
g__Eubacteriumbrachygroup	0.003023834018078256	0.0032708709450933993	0.02890699703832668	0.008298374607864693
g__Eubacteriumeligensgroup	0.6164524523900681	1.0367756889037192	0.7804513843260943	1.3542215579354253
g__Eubacteriumfissicatenagroup	0.001271305204895771	0.004016939072826884	0.0030009181887367216	0.0017448107091165537
g__Eubacteriumhalliigroup	0.4467491352206868	0.6551206036764511	0.45517882418021094	0.8076105617290288
g__Eubacteriumnodatumgroup	0.0005041687553657964	0.005087084638088405	0.005349327033276814	0.0036592712508147413
g__Eubacteriumruminantiumgroup	0.771857886538357	0.13705269984207974	0.5046114650854471	0.5117579398148109
g__Eubacteriumsiraeumgroup	0.39063698301495114	0.6666140098684923	1.0165228987841266	0.9158814358386388
g__Eubacteriumventriosumgroup	0.10512708488800127	0.14531907121909102	0.1422950965844456	0.20707389491361494
g__Eubacteriumxylanophilumgroup	0.15431400771776663	0.27894575681114475	0.30951989275400565	0.555550485541152
g__Ezakiella	0.0	8.003470304724119e-05	0.000289016227297775	0.0
g__Faecalibacterium	6.206242985424202	7.231174521908149	5.638869691595582	9.409260030483482
g__Faecalitalea	0.0	0.02735237431891519	0.009030620599878704	0.0028633171196589635
g__FamilyXIIIAD3011group	0.04688902466087335	0.05408530176233337	0.16457586957321343	0.0381188387046771
g__FamilyXIIIUCG-001	0.026758353397818572	0.03715949964995805	0.05538772471529387	0.05448704237374136
g__Fastidiosipila	0.0	0.0	0.0008034245166598103	0.0
g__Fenollaria	0.0	0.0011187009897245617	0.0012182855560998137	0.0
g__Finegoldia	0.0	0.00019549966871692498	0.0	0.0001763934805680272
g__Flavonifractor	0.09520496053261919	0.42390738397138866	0.2547188694695515	0.1648694318042423
g__Flexilinea	0.0	0.0	0.0	0.0
g__Fournierella	0.052778364514205416	0.008766128014400468	0.05970010448480654	0.03833528865561846
g__Frisingicoccus	0.0008606452806569012	0.04210347651447675	0.02931529347616846	0.020247272305561004
g__Fusicatenibacter	0.5346866762603271	1.2151781975302418	0.8158232440967311	1.4133991711970029
g__Fusobacterium	0.01655924268544681	0.07534110394433106	0.012953639618636019	0.003618975831151587
g__Gardnerella	0.0	0.0	0.0	0.0
g__GCA-900066575	0.04317674058501911	0.04464277002206695	0.04284097657525533	0.07129799503628764
g__Gemella	0.0	3.0534192646938735e-05	0.00032564561569351365	7.217027566158478e-05
g__Gordonibacter	0.000729246621094141	0.014624088068210306	0.012510150731112134	0.00929603079637477
g__GOTU1	0.0	0.0023643243490495056	0.0	0.00011557957144944168
g__GOTU10	0.0	0.0	0.0009519498047445182	0.0008548783158117392
g__GOTU100	0.0	0.0	0.0	0.0
g__GOTU101	0.0017993119431129517	0.0	0.0	0.0
g__GOTU102	0.0	0.0	0.0	0.0
g__GOTU103	0.0	0.0	0.0	0.00011377318697550544
g__GOTU104	0.0	0.0	0.0	0.0
g__GOTU105	0.0	0.0	0.0	0.0
g__GOTU106	0.0	0.0	0.0	0.0
g__GOTU107	0.0	0.0	0.0	0.0
g__GOTU108	0.0	0.00010801002333016514	0.0	0.0
g__GOTU109	0.0	0.0	0.0	0.00010153608871817282
g__GOTU11	0.0006850321242008916	0.0008592305418651479	0.0478051812788941	0.037474312747130256
g__GOTU110	0.0	0.0	0.0005319148936170216	0.0
g__GOTU111	0.0	0.0	0.0	0.0
g__GOTU112	0.0	0.0	0.00023235669168683522	0.00033048059478505803
g__GOTU113	0.0005200797940714758	0.0	0.0013924262936485976	0.0
g__GOTU114	0.0	0.0	0.0003020636991928852	9.753300029064819e-05
g__GOTU115	0.009243141849584257	0.011039438539156853	0.042570577129977645	0.01177461151409201
g__GOTU116	0.0	0.0	0.0	0.0
g__GOTU117	0.0	0.000294972323168306	0.0011717582928004557	0.0
g__GOTU118	0.0	0.0005688751946817324	0.0031350567331953406	0.000764433172802366
g__GOTU119	0.0	0.0	0.0	0.0
g__GOTU12	0.0	0.0	0.0	0.0028234205604202936
g__GOTU120	0.0	0.0025283740528187658	0.0	0.0
g__GOTU121	0.0	0.0	0.0	0.0
g__GOTU122	0.011556096108682344	0.0049090135386050966	0.10061560393412289	0.021251873456550822
g__GOTU123	0.0	0.0	0.0	0.0
g__GOTU124	0.0	0.0	0.0	9.78711076660482e-05
g__GOTU125	0.0018766473009583446	0.0	0.011529637301409225	0.001811995110611754
g__GOTU126	0.0	0.00019299132696976585	0.002078211371960684	0.0014109465031529346
g__GOTU127	0.0	0.00038035936352665846	0.0	0.0
g__GOTU128	0.0	0.0	0.014182833173345738	0.0
g__GOTU129	0.0	0.0	0.0	0.0
g__GOTU13	0.26461996774920765	0.0	0.02156214713770059	0.034319249988259276
g__GOTU130	0.015349594748394575	0.018743719749914654	0.02532673605623577	0.012229257236997915
g__GOTU131	0.023710551000900616	0.04579254246444361	0.0955043025150185	0.06305428969021921
g__GOTU132	0.0	0.0	0.003626089715503045	0.0010567164447562137
g__GOTU133	0.0003044230053334915	0.00043949782614158945	0.000962846183869967	0.000700239221743687
g__GOTU134	0.06941540033648645	0.16943838959968552	0.19715261909912965	0.15136746418665512
g__GOTU135	0.0	6.0908610284784155e-05	0.00011617834584341704	0.00035654742203868224
g__GOTU136	0.0	0.047047031420829895	0.0	0.012566517506198225
g__GOTU137	0.15107441331419988	0.09756747402861386	0.4449298386963994	0.16396440205378598
g__GOTU138	0.007715304065679479	0.004436726247780561	0.016733865676478145	0.006730914569725958
g__GOTU139	0.008571402702076887	0.0031810314875502484	0.019224165525532393	0.007146737174213728
g__GOTU14	0.0	0.0	0.002137214514892375	0.0007258213282485652
g__GOTU140	0.033027160412833496	0.014860862275211733	0.005962795636201284	0.05084723216624891
g__GOTU141	0.005894475836418965	0.07182180111263504	0.09303522736667044	0.04942707334060037
g__GOTU142	0.0013937043746810205	0.001572498351550842	0.011805248354257449	0.0018890510793940383
g__GOTU143	0.00020723616892856265	0.001732111473860004	0.0003950063758676205	2.66994963674e-05
g__GOTU144	0.0	0.0004673063470550137	0.0	0.0007963051441312319
g__GOTU145	0.00014532353232678431	0.00015813117595364154	0.00042639676763056475	3.5755883854162316e-05
g__GOTU146	0.0	0.0024682214651641676	0.0008904895713776863	0.0009666500620480573
g__GOTU147	0.0	0.0010463602359193555	0.006337959502063909	0.0
g__GOTU148	0.0009745332473485483	0.0052229436038356775	0.00832522473892202	0.0016618801485838617
g__GOTU149	0.0	0.0054271302375772795	0.028412849036181086	0.0031965628474597135
g__GOTU15	0.0	0.001658340313213458	0.0	0.007169005656210217
g__GOTU150	0.0	0.0	0.0	0.0
g__GOTU151	0.0	0.02072694366452972	0.0	0.03128336991445464
g__GOTU152	0.0	0.0008645654246485348	0.0005576560600484046	0.0003707173851907714
g__GOTU153	0.0	9.888583353637888e-05	0.0	6.147695755806486e-05
g__GOTU154	0.0	0.0	0.0	0.0
g__GOTU155	0.0022646362675388674	0.028972438841509882	0.010076966424207719	0.008513213188613176
g__GOTU156	0.017308481656247654	0.033013574295780564	0.033009999766768515	0.0327664218140249
g__GOTU157	0.011512044656265144	0.02389033655917513	0.03546912979300175	0.02454499635134042
g__GOTU158	0.0175833988303515	0.0015522306655446272	0.011717725746192858	0.00701847977244269
g__GOTU159	0.0033358319465120675	0.005058543437967802	0.010435861158473364	0.004868248764908561
g__GOTU16	0.0	0.0	0.0	0.0005084601203246269
g__GOTU160	0.0001974789832992024	0.002450146490158854	0.0008045558754526159	0.00021016879311325074
g__GOTU161	0.0027080920898352712	0.0009497524020307723	0.004055472834958696	0.002816893349050972
g__GOTU162	0.030758171365131422	0.06326308410962302	0.026412084061697958	0.044031657903849004
g__GOTU163	0.019428958329131538	0.0023172997233916444	0.0159395375114728	0.003264006066543707
g__GOTU164	0.0	0.0	0.0003749314411079114	0.0
g__GOTU165	0.0	0.0	0.0	5.4353261413097826e-05
g__GOTU166	0.0002735261798248385	0.008418615515307894	0.0	0.001355361050370874
g__GOTU167	0.009713743631192477	0.049600084071282594	0.036376128816929726	0.03634427222635293
g__GOTU168	0.0	0.0	0.0	0.0
g__GOTU169	0.0	0.0	0.0044137917587183184	0.0
g__GOTU17	0.0	0.0	0.02327345993393567	0.024380365778000568
g__GOTU170	0.008005367815976007	0.0	0.009704638185357169	0.005425562578716876
g__GOTU171	0.0	0.001627775140237721	0.0005746907663306126	0.00011849336030919312
g__GOTU172	0.00033938749951930604	0.0	0.0	4.9893806023260144e-05
g__GOTU173	0.0	0.0	0.0	0.0
g__GOTU174	0.0010686446831138325	0.0021869943085556245	0.00037450137915614204	0.000323750399801567
g__GOTU175	0.00016403257686976627	0.0005711505543990365	0.0	0.0004473490807144667
g__GOTU176	0.0	0.0	0.00013941401501210116	0.0
g__GOTU177	0.0004121294647015229	0.0020086593135596152	0.0016517971659838762	0.002763836758832281
g__GOTU178	0.0007199506024367639	0.0010658517443728084	0.001512953061376375	0.0001919379539547743
g__GOTU179	0.0005101563629252361	0.0007797982804782517	0.004713293004740974	0.0020192236437823483
g__GOTU18	0.0	0.0	0.0	0.002911546951518562
g__GOTU180	9.633929930500724e-05	0.0004977245004970443	0.002640642609032216	5.634317954542971e-05
g__GOTU181	0.0	0.0022557286748229152	0.0	3.907104679148551e-05
g__GOTU182	0.0002609340045715639	0.0	0.0	0.0
g__GOTU183	0.0	0.0	0.0	0.0
g__GOTU184	0.0	0.0	0.0	2.1931602175474277e-05
g__GOTU185	0.0	0.0017736149051645164	0.0010680699849716273	0.0013301934756916854
g__GOTU186	0.0011197205177587675	0.0004282832126809869	0.009064698587680949	0.0018097801124974684
g__GOTU187	0.0	0.0	0.0	0.0
g__GOTU188	0.0012729781651510963	0.0	0.005824390981396682	0.002625639112387555
g__GOTU189	0.0003381745434764434	0.0015650794451562266	0.0005808917292170875	0.0003614629133154094
g__GOTU19	0.0	0.0	0.0	0.005304878313918333
g__GOTU190	0.0	0.002332736010349862	0.004254561285471171	0.0012448912671209156
g__GOTU191	0.0005775655433566337	0.000103190164470425	0.0	9.81806652987779e-05
g__GOTU192	0.0	0.0006326195795361134	0.0	0.0003460034472589609
g__GOTU193	0.00034091210855215665	0.00019699739763024822	0.0004759749023722591	0.00019957522409304023
g__GOTU194	0.0	6.411082453572535e-05	0.0	0.0
g__GOTU195	0.0	0.0	0.001995793692741364	0.00020876289379142792
g__GOTU196	0.0	0.0009694491117638927	0.0004224897583556386	0.0004773723801081982
g__GOTU197	0.0	4.104594929840176e-05	0.0009222661396574443	0.0
g__GOTU198	0.0	0.0	0.0	0.0
g__GOTU199	0.0	0.0	0.0	4.6724118642950006e-05
g__GOTU2	0.0006744230310968964	0.0	0.002866609729866511	0.0023551211219634705
g__GOTU20	0.0	0.007151224562072641	0.0	0.01925825490240871
g__GOTU200	8.634840372023374e-05	7.422078382343169e-05	0.0005319148936170216	0.0003030385977865946
g__GOTU201	0.0	0.0	0.0308027079303675	0.024862820882999365
g__GOTU202	0.0	0.0	0.0	0.0
g__GOTU203	0.0	0.0	0.0	0.011397982698017877
g__GOTU204	0.0	0.0	0.0	0.0
g__GOTU205	0.0	0.001153039617416331	0.0	0.0
g__GOTU206	0.0	0.0009481297989927358	0.0052912751010816255	0.0016320922260017344
g__GOTU207	0.004922364569248532	0.0026898073835564676	0.013784353424106898	0.0068408977193875975
g__GOTU208	0.0	0.00039848566588227046	0.0	0.0006171551671582443
g__GOTU209	0.0	0.00028026415681519474	0.0	0.0
g__GOTU21	0.0002866655032824988	0.01205272929809222	0.09384673204687789	0.03386906413963768
g__GOTU210	0.0	4.257813684204437e-05	0.0	0.0
g__GOTU211	0.0	0.0	0.0	0.0
g__GOTU212	0.0	0.0	0.0	0.0
g__GOTU213	0.0	0.00046571502351700357	0.0	0.0
g__GOTU214	0.020204506720888197	0.02422921977076822	0.020803819100211892	0.01438179445700051
g__GOTU215	0.0	0.0	0.0	0.0015326821548074605
g__GOTU216	0.0	0.0024409885189697446	0.006716290594617144	0.0073900670793433
g__GOTU217	0.0007466295696138144	0.0035607192471111956	0.0069490425464744454	0.003756560029201135
g__GOTU218	0.005798314943900704	0.014859421090515157	0.046128812958773496	0.018683502381818283
g__GOTU219	0.0	0.0015146382361119416	0.0012470693869406932	0.00025842028495868803
g__GOTU22	0.0	0.0	0.0	0.0
g__GOTU220	0.0	0.0	0.0032244405263836956	0.0
g__GOTU221	0.0001433327516412494	0.0	0.0	0.00010043952335419782
g__GOTU222	0.0	0.0	0.0	0.0
g__GOTU223	0.0	0.0036646196110886784	0.0017036931735490044	0.0008511478449557421
g__GOTU224	0.2222358438337164	0.33333345635612616	0.4717111470290647	0.32156011917449034
g__GOTU225	0.0	0.0015704996305543177	0.005352297292245154	0.0011913479172161756
g__GOTU226	0.06641322929288117	0.013064802163897708	0.038707182118587605	0.029893058621110483
g__GOTU227	0.0007333403715667313	0.001257306282812791	0.011820220989436227	0.0005974205437119353
g__GOTU228	0.0	0.0021809906826967336	0.0003399459108284102	2.6317922610569203e-05
g__GOTU229	0.1634750404112966	0.10391939588744713	0.2672365179283104	0.1954837361087121
g__GOTU23	0.0	0.0	0.0	0.0
g__GOTU230	0.0	0.0	0.0	0.0
g__GOTU231	0.09125175870881416	0.08357615129070849	0.27712521726446054	0.22027662197648193
g__GOTU232	0.5022076699776137	0.1333985884736855	1.2222294140684982	0.2531265528496255
g__GOTU233	0.0	0.007104163692657186	0.014117400387070034	0.005026365688716925
g__GOTU234	0.0	0.0	0.001124573475782776	3.509056348075906e-05
g__GOTU235	0.04574934222796651	0.00631906449361452	0.14248547564907665	0.00020414793609353007
g__GOTU236	0.0	0.00017408780667575843	0.0	0.0007856467377379751
g__GOTU237	0.0003949579665984048	0.00033546575479555105	0.0	0.00010264959124932753
g__GOTU238	0.0	0.00010872646050023662	0.00015108707147929319	0.0
g__GOTU239	0.0018956814102656506	0.09280025109342376	0.05400549746119325	0.017472891982161707
g__GOTU24	0.0	0.0001433829486129852	0.0	0.0
g__GOTU240	0.0	0.0	0.0	0.00293004126918733
g__GOTU241	0.0	0.0	0.0	0.0
g__GOTU242	0.0	0.00024533731458602464	0.00046312877449951247	0.00013606941717386558
g__GOTU243	0.0	0.0	0.0006749460043196545	0.0
g__GOTU244	0.07759982905771164	0.003070155090590042	0.142800820682798	0.006141569862569971
g__GOTU245	0.01907143289160908	0.0028062081796111876	0.015383601337297898	0.006535000939604226
g__GOTU246	0.0009731150055088952	0.0016193107687277812	0.006379965333787377	0.0030644952982156275
g__GOTU247	0.0	0.0	0.0	0.0
g__GOTU248	0.0	0.0	0.0	0.0
g__GOTU249	0.0010089205390998747	0.00014253265708239087	0.0006175050326660159	0.0005878619401218302
g__GOTU25	0.0	0.0	0.0	0.0
g__GOTU250	0.0987774312741964	0.06739078814571142	0.24874207902875653	0.170088141530855
g__GOTU251	0.0	0.0	0.0	0.0
g__GOTU252	0.0	0.0	0.0	0.0
g__GOTU253	0.0	0.0	0.0	0.0
g__GOTU254	0.0	0.0	0.0	0.0
g__GOTU255	0.0	0.0016637966711140002	0.0	0.0002795813883788083
g__GOTU256	0.0	0.0002049175986231271	0.001880548751536884	0.0013523351437306579
g__GOTU257	0.0	0.0	0.0	0.0
g__GOTU258	0.0	5.645907642887747e-05	0.0060408369735964855	0.0028947731532337224
g__GOTU259	0.0	0.0	0.0	0.0
g__GOTU26	0.4452392659426222	0.14764544342799432	0.26178500526054155	0.23693530516632347
g__GOTU260	0.013031890296706747	0.0	0.0	0.0
g__GOTU261	0.006603129090313316	0.007257614756192603	0.004577616872581177	0.006415111477151143
g__GOTU262	0.0	0.0	0.0	0.0
g__GOTU263	0.0	0.0	0.0011121856866537717	0.0
g__GOTU264	0.004476858971558701	0.0030001189938821636	0.0049094070907862615	0.004936397842645255
g__GOTU265	0.0	0.0	0.00040732312672093975	0.0
g__GOTU266	0.00031110940058975663	0.0008255140715131556	0.0029225806667270717	0.0008008095524321275
g__GOTU267	0.0	0.0	0.001948449590825591	0.00020025360116050978
g__GOTU268	0.0	0.0	0.0	0.0
g__GOTU269	0.0	0.0	0.0	0.00011562547213734455
g__GOTU27	0.0	0.0	0.0	0.0
g__GOTU270	0.0	0.0	0.0	0.0
g__GOTU271	0.0	0.0	0.0	0.0
g__GOTU272	0.0	0.0	0.0	0.0
g__GOTU273	0.011152469918485512	0.008615234040344139	0.015263585449288998	0.004040421165534864
g__GOTU274	0.0007645858572868242	0.0021202089255921383	0.01097492200547401	0.0016033360979450227
g__GOTU275	0.007461788639512464	0.007303742230798101	0.07901391457773049	0.01654280929973598
g__GOTU276	0.0	0.0	0.0001923757637317818	0.0
g__GOTU277	0.0005744072834843542	0.0	0.0012431049114246364	0.0
g__GOTU278	0.02834748978497109	0.0007862019120658462	0.11134932886536625	0.003471633694861074
g__GOTU279	0.02034429229406545	0.01273335461039543	0.04796675018673199	0.027602840942786165
g__GOTU28	0.0	0.0	0.002210042432814705	0.0
g__GOTU280	0.011335059345823996	0.0035990369365725447	0.019391484823580826	0.004493338818207013
g__GOTU281	0.0	0.0	0.0	0.0
g__GOTU282	0.0	0.0	0.0	0.00039493263213681524
g__GOTU283	0.0024787271760660676	0.0022119320753792174	0.031452744066903224	0.0042620440800384286
g__GOTU284	0.03581192594071543	0.007783975312013841	0.03436515552864078	0.019498711568468368
g__GOTU285	0.0078065524613894	0.000712200525413372	0.007719036328900784	0.003049377643051187
g__GOTU286	0.0007493589234409964	0.0007265105529971612	0.053510989335136976	0.00304805876161458
g__GOTU287	0.0	0.00044034855665375	0.0028101344691616827	0.0018096129797131393
g__GOTU288	0.009854314312964884	0.00034528453684522464	0.018073166098653594	0.004808574256367671
g__GOTU289	0.0014485714198684046	0.0074653092299176065	0.0740281554412738	0.009196502957021447
g__GOTU29	0.0	0.0	0.0	0.00013727318351887171
g__GOTU290	0.03464797084017491	0.0005799181837781198	0.021839545344436537	0.0002618331110661145
g__GOTU291	0.005429725315292681	0.01533049387302796	0.06152952226047044	0.01999195757344065
g__GOTU292	0.0	0.0	0.0022509381910380227	0.0
g__GOTU293	0.0076965953609949124	0.007316156160660785	0.06125343735897288	0.007292755392687721
g__GOTU294	0.024446037935220575	0.009486638981725184	0.05030964152763385	0.02650592423412447
g__GOTU295	0.02359153538622664	0.009733047770584815	0.09354061139237108	0.030161011752395522
g__GOTU296	0.00014450894895751205	0.0011020011937214191	0.0020007869515905365	0.0005891363261458695
g__GOTU297	0.0029023978058488977	0.0	0.018123635945521587	0.0021929751102389688
g__GOTU298	0.013715420220882046	0.0005544692334549205	0.05894066512187241	0.00928373653568883
g__GOTU299	0.010433334225860446	0.0	0.0	0.0
g__GOTU3	0.0	6.726896608137288e-05	0.0003505996656681591	0.0
g__GOTU30	0.032823127119195626	0.15828156547406172	0.0006963012477718363	0.14194102428419222
g__GOTU300	0.0	0.0017554437518887325	0.004183874271139602	0.0017154974765895906
g__GOTU301	0.0	0.0	0.0	6.524740511069891e-05
g__GOTU302	0.0	0.0	0.0	0.0
g__GOTU303	0.0007493589234409964	6.909815392765423e-05	0.0012167636333685226	0.0008892849654154062
g__GOTU304	0.0	0.0005116925150983416	0.0003724373445790307	0.0
g__GOTU305	0.002252914534484664	0.0016334826994160246	0.02682631019230155	0.0012079159219816496
g__GOTU306	0.0	0.0	0.0	0.0
g__GOTU307	0.0	0.00015163604261910177	0.0	0.0
g__GOTU308	0.035550213170657916	0.009203874909810986	0.029347310498145807	0.0014854236033790653
g__GOTU309	0.0	0.0	0.0	0.0
g__GOTU31	0.0	0.0007837886042013874	0.007847584546870444	0.0
g__GOTU310	0.0	0.0	0.0037342673295133137	0.0
g__GOTU311	0.0	0.00011688438146094016	0.00024745996097831364	0.0004415059416825728
g__GOTU312	0.0	0.002012657226053472	0.003564976404153704	0.0
g__GOTU313	0.0	0.0	0.0	0.0
g__GOTU314	0.0	0.0	0.0	0.0007869165014142028
g__GOTU315	0.0	0.0	0.0	0.0
g__GOTU316	0.0029388036364599167	0.0	0.00242622837154914	0.00014049589430855145
g__GOTU317	0.0	0.0	0.0028706543581065794	0.0
g__GOTU318	0.0	0.0	0.009036306726857443	0.0
g__GOTU319	0.0	0.0	0.0	0.0
g__GOTU32	0.0	0.035870039803715274	0.0	0.002824646849685261
g__GOTU320	0.0	0.0	0.0013462904737430795	0.0
g__GOTU321	0.000655664136774453	0.0	0.003463096494971954	0.0
g__GOTU322	0.0034202277335912044	0.0	0.0024883522831411617	0.0006289587012166635
g__GOTU323	0.046955066515356615	0.11565802322110688	0.13495236019502818	0.10842093179303827
g__GOTU324	0.0	0.00020476429172850563	0.00030976247413483295	0.0007526857350567068
g__GOTU325	0.0	0.0004340932209305658	0.0	0.0002869473394242688
g__GOTU326	0.0011171265781684423	0.001173445202695222	0.003530469076415549	0.000706301974915843
g__GOTU327	0.0010567554235385952	0.0074310956527538444	0.021743435848761	0.002076609278065865
g__GOTU328	0.004649625509696689	0.021267317063736167	0.0021333390709277335	0.01087805271899961
g__GOTU329	0.0	0.0006668728033380088	0.0019698379821044922	0.00029104622853731125
g__GOTU33	0.0	0.00047223829144186266	0.013103406479944507	0.01538637521779959
g__GOTU330	0.0	0.0	0.0005574910901983307	0.00012088807836310652
g__GOTU331	0.0	0.0	0.0001445081136488875	0.0
g__GOTU332	0.0	0.0	0.001031932408821925	3.907104679148551e-05
g__GOTU333	0.0	0.0002310299035866007	0.0	6.985132843256414e-05
g__GOTU334	0.00012042412413126024	0.0007400803443077201	0.00026950400482951136	0.0
g__GOTU335	0.0	0.0003165052533412831	0.0	9.396235492212392e-05
g__GOTU336	0.0	0.0	0.015437197575060513	0.008098581844599533
g__GOTU337	0.0004094420220462856	0.0004218195583038229	0.003738893674102112	0.00013004400038753116
g__GOTU338	0.0	0.0	0.0	0.0003425488768311685
g__GOTU339	0.0	0.0003181990355564169	0.0006346332031630114	0.0
g__GOTU34	0.0	0.0	0.03103846397165807	0.0
g__GOTU340	0.023561615315402542	0.024717653889587507	0.11959225550575564	0.066319099082863
g__GOTU341	0.0	0.0	0.0	0.0
g__GOTU342	0.08400723447692426	0.0	0.024753008181808013	0.08551574465416675
g__GOTU343	0.03473254833227592	0.0	0.002824915086375932	0.15611424548096645
g__GOTU344	0.13657447323573793	0.0026586073743770666	0.04760705118546822	0.04595995007933747
g__GOTU345	0.0015758779155256746	0.0	0.0	0.0015024466962470398
g__GOTU346	0.0	0.0002731462007862271	0.0	0.0
g__GOTU347	0.0	0.0	0.0	0.0
g__GOTU348	0.0	0.04469381955128345	0.0	0.09568858453180151
g__GOTU349	0.0036219147145611684	0.03200827365257412	0.03925638128159559	0.01408579488635739
g__GOTU35	0.0	0.0	0.0	0.0
g__GOTU350	0.0	0.0	0.0	0.000711562716248355
g__GOTU351	0.0	0.006125535456289014	0.010332479909384205	0.005047646268483496
g__GOTU352	0.0	0.0	0.0	0.0
g__GOTU353	0.0030419369922883373	0.0	0.0	0.0006951437259306486
g__GOTU354	0.0	0.0	0.0	0.0
g__GOTU355	0.016476161054474338	0.0	0.0	0.0
g__GOTU356	0.0042038355795828075	0.0	0.0	0.0
g__GOTU357	0.0	0.0	0.0	0.0
g__GOTU358	0.0	0.0	0.0	0.0
g__GOTU359	0.0	0.0	0.0007498628822158238	0.0
g__GOTU36	0.0	0.008799593607046902	0.0	0.017372224177127492
g__GOTU360	0.0	0.0	0.0	0.0
g__GOTU361	0.0	0.0	0.0	0.0
g__GOTU362	0.0	0.0	0.0	0.0
g__GOTU363	0.0	0.0	0.0007080147267063159	0.0
g__GOTU364	0.0	0.0006822566867977888	0.004433972384730752	0.0002522437635297692
g__GOTU365	0.0	0.0	0.0	0.0
g__GOTU366	0.0	9.627579549480633e-05	0.00026950400482951136	0.0
g__GOTU367	0.0004076997074508073	0.003129509806425851	0.0021294064961038246	0.002224922967939387
g__GOTU368	0.0007077098913096108	0.003474346991914278	0.003857866089295985	0.0024043353098109387
g__GOTU369	0.0026782828844902325	0.001763817329083573	0.0056031212809630505	0.00276561867190786
g__GOTU37	0.0003767975936629097	0.0	0.004318949545459246	0.006397484837719477
g__GOTU370	0.00023526031487932527	0.008972487467538318	0.004052648170260971	0.00917795475884978
g__GOTU371	0.0	0.00030867384735573135	0.0	0.0
g__GOTU372	0.0	4.089934385182676e-05	0.0004171289846246261	0.0
g__GOTU373	0.0	0.0	0.0	0.0
g__GOTU374	0.0	0.00010806527142394013	0.0006798918216568204	0.00018802117741142498
g__GOTU375	0.0	0.004631414228119538	0.02616125646575662	0.0011476712852619294
g__GOTU376	0.00445368745957794	0.0	0.0	0.0
g__GOTU377	0.005771278501902349	0.04880337013035657	0.023387427654667944	0.04616159727523536
g__GOTU378	0.13850664136858779	0.011271261269889931	0.09913551429873192	0.01632665771354946
g__GOTU379	0.0	0.0	0.0	0.0
g__GOTU38	0.0214948221321236	0.0	0.0	0.0
g__GOTU380	0.1379092830765616	0.012975769571833516	0.06801564951149375	0.013141843122755147
g__GOTU381	0.002546840829818877	0.0002466324579973715	0.0	0.0
g__GOTU382	0.0	0.006964361754466939	0.0	0.0022017954675959592
g__GOTU383	0.0	0.0	0.0037438881026723866	0.0
g__GOTU384	0.02675894325405145	0.13037875480229774	0.1444803692505057	0.2224512509666317
g__GOTU385	0.006912448704155409	0.001083730244345046	0.001187469471800833	0.0007943068538635409
g__GOTU386	0.0	0.002147457841515108	0.001452779422932067	0.007451931625242702
g__GOTU387	0.0	0.0	0.011768059828153182	0.0017402146038809564
g__GOTU388	0.006304062763864168	0.0	0.0	0.0
g__GOTU389	0.0	0.0001738022825526155	0.0	0.0011502069616699593
g__GOTU39	0.0	0.0	0.0	0.00014717938075747356
g__GOTU390	0.006853908931132903	0.0	0.0	0.0
g__GOTU391	0.005819137050142248	0.049617731149707064	0.32136941707945715	0.029496241656829302
g__GOTU392	0.00205283048200593	0.0	0.006400046734899353	0.0
g__GOTU393	0.0	0.0	0.0	0.0
g__GOTU394	0.006616120406929651	0.002733759949645648	0.04518221491006616	0.00342254307917416
g__GOTU395	0.0	0.0	0.0	0.00044507474292571704
g__GOTU396	0.0	0.0	0.0	0.0
g__GOTU397	0.0008013672782798868	0.0	0.005169049653957409	0.0
g__GOTU398	0.007230597196882433	0.0	0.0	0.0
g__GOTU399	0.0	0.0017277649612826307	0.01619269634429207	0.001458258370694835
g__GOTU4	0.0	0.0	0.0018782030977152954	0.0
g__GOTU40	0.0	0.0011470635889038803	0.0	0.0022736805792397284
g__GOTU400	0.0	0.0	0.0005047887627290898	0.0
g__GOTU401	0.015543096731336714	0.0028199675229317782	0.012764224212935797	0.0074405529018964104
g__GOTU402	0.004270299002141938	0.0014625091309404083	0.018609639765792548	0.00360381814915735
g__GOTU403	0.0	0.001241996912828448	0.03648430951772352	0.004278278393393514
g__GOTU404	0.0	0.0002229188298049412	0.0	0.0
g__GOTU405	0.0	7.179818850298486e-05	0.0	0.0
g__GOTU406	0.0	0.0	0.001692836667594591	0.0
g__GOTU407	0.0	0.0	0.0	0.0
g__GOTU408	0.0	0.0	0.0	0.013519154246115796
g__GOTU409	0.0	0.0	0.0	0.0
g__GOTU41	0.0	0.0	0.0	0.0
g__GOTU410	0.0	0.0	0.0	0.0004356025664678261
g__GOTU411	0.0004005531193519229	0.0	0.0	0.0003677667438053815
g__GOTU412	0.0014085794927099914	0.0007161927011184613	0.00101767105443576	0.00014517641007773152
g__GOTU413	0.00406899610549322	0.0019564369467025486	0.02029353635004033	0.0038636487884534713
g__GOTU414	0.005125102121018457	0.0	0.004826471310029904	0.0004541279457273493
g__GOTU415	0.0	0.0	0.002308164384752	0.0
g__GOTU416	0.0	0.0	0.0	6.616940359862319e-05
g__GOTU417	0.0	0.0	0.0050386483939280574	0.00017345166205718878
g__GOTU418	0.00040164293869723855	0.0006708514313960395	0.004929331255962238	0.0019314443694568824
g__GOTU419	0.0026583104660302483	0.0007789654272163814	0.0014990328820116022	0.0007619493903690543
g__GOTU42	0.0	0.0	0.0	0.0
g__GOTU420	0.0002670354129012819	0.00020935687794964154	0.002541830114164809	0.0005530517736122301
g__GOTU421	0.004748851473036076	0.0011452339234083243	0.00887360590179322	0.00684998156653932
g__GOTU422	0.0020942587061049157	0.0	0.0	0.0017420924091704202
g__GOTU423	0.024502567347574916	0.015149371137320152	0.053443491826286556	0.017749234134469282
g__GOTU424	0.001527364384613842	0.0009636122494389156	0.007435507755093932	0.00043864993214974676
g__GOTU425	0.0	0.0008949100271226586	0.0151705874270271	0.0015015566759799758
g__GOTU426	0.0	0.0	0.003867757484958624	0.0001368066910510913
g__GOTU427	0.0011942611577151542	0.002224758489035673	0.001711200867041376	0.000519010030995692
g__GOTU428	0.0030376124664076676	0.001062526852217432	0.005480114151953651	0.017012611116811384
g__GOTU429	0.0006230826301029904	0.00011874436854832149	0.002944353372329708	0.0004568311897494608
g__GOTU43	0.0	0.00019272222156961797	0.0	0.0
g__GOTU430	0.0	0.00175113479713516	0.0026953902290088715	0.0016027393085203665
g__GOTU431	0.013321326385171797	0.0019124192007088554	0.015084410317556435	0.002177398034470721
g__GOTU432	0.0	0.0	0.00013747775609906365	0.0
g__GOTU433	0.00252117937087757	0.00018470677184280706	0.0016441005802707955	0.0034108541873133745
g__GOTU434	0.0	0.0	0.0	0.0
g__GOTU435	0.0	0.0	0.0	0.0
g__GOTU436	0.0	0.0004965001348949635	0.0	0.0011896216839005786
g__GOTU437	0.0038423049411345444	0.002267520018907482	0.02480545514225605	0.0035358840235495312
g__GOTU438	0.005455068948217177	0.0005156860485399578	0.002300468889265417	0.004076436648131824
g__GOTU439	0.0	0.00017274538481913557	0.001086195004589174	0.0013082940509046485
g__GOTU44	0.0	0.0015674119175412011	0.0	0.0005709147947186124
g__GOTU440	0.0	0.00017936906036172465	0.0	0.0026013409997502337
g__GOTU441	0.0	0.0	0.0	0.00015287714792392825
g__GOTU442	0.0	0.0005107234484844471	0.00027495551219812616	0.000656965540357113
g__GOTU443	0.0	0.0	0.0	0.0
g__GOTU444	0.00014605197770808673	0.0	0.0	0.0004362590430698315
g__GOTU445	0.0	0.0002186259297848472	0.0	0.0
g__GOTU446	0.0	0.00016103415212298237	0.0003024510634179387	0.00019851167622325218
g__GOTU447	0.008220080673590343	0.0007955872692737535	0.010079924658293535	0.0005438572883106786
g__GOTU448	0.0	0.0014582530075168832	0.0	0.0011016831019798805
g__GOTU449	0.0	0.0	0.0009504206290155273	0.0003277990763126337
g__GOTU45	0.0	0.0	0.0	0.00041700824547950723
g__GOTU450	0.0	0.0	0.0	0.0
g__GOTU451	0.0	0.0	0.00306178604873756	0.00035306353226950254
g__GOTU452	0.0	0.0	0.0	0.0
g__GOTU453	0.03304378371795227	0.020298694353420424	0.04655132594311346	0.07450945649092205
g__GOTU454	0.0	0.0	0.0076165592674984775	0.0
g__GOTU455	0.04097644304775142	0.012163944056209814	0.19770424542077383	0.11424899877178214
g__GOTU456	0.0	0.0	0.0014294988595515284	0.000949343088671641
g__GOTU457	0.0026777163254305806	0.0011710645808117677	0.005948875609600151	0.0065877612619061835
g__GOTU458	0.44487806742059116	0.26596447941387114	1.4279468586152233	0.8015061267111525
g__GOTU459	0.0027671445292872156	0.0011360218979610322	0.007976093859648072	0.012065065243262806
g__GOTU46	0.0	0.00017746238616470457	0.0	0.0
g__GOTU460	0.08032220576237896	0.0034371753379086084	0.4027414447525255	0.0186456792244711
g__GOTU461	0.3557969296522672	0.2818149348578149	1.127717021926927	0.3413699629360176
g__GOTU462	0.0	0.0	0.01586283648030491	0.0
g__GOTU463	0.0163071663065576	0.006795424663538494	0.017503591296763526	0.01612257905238398
g__GOTU464	0.0	0.0	0.0009906813384834854	0.0
g__GOTU465	0.0	0.00018482392286928064	0.0	0.00043386681597025
g__GOTU466	0.05550739411014671	0.1392639641876098	0.14356050518656413	0.15707651413545282
g__GOTU467	0.0038368101126134216	0.0	0.0	0.0020855425945563804
g__GOTU468	0.0016705660563028143	5.142958826500211e-05	0.047643469146958946	0.008730121013116966
g__GOTU469	0.0	0.0	0.0018397453450164317	0.0
g__GOTU47	0.0	0.0	0.0	0.0
g__GOTU470	0.0	0.0	0.0	0.0
g__GOTU471	0.0	0.0015292775936288634	0.0049220056931248354	0.0006855298178104126
g__GOTU472	0.0	0.003567066250148627	0.0	0.0
g__GOTU473	0.0	0.0	0.0012436064000374545	0.0
g__GOTU474	0.0	0.0	0.0	0.0
g__GOTU475	0.0	0.0	0.0	0.0008210595457645943
g__GOTU476	0.0	0.0	0.003804241115256239	0.0
g__GOTU477	0.0016807505605758914	0.001059879475123724	0.005118813319784468	0.0014995018343815945
g__GOTU478	0.0013849558706894457	0.0	0.0	0.0003863423077139203
g__GOTU479	0.01512711229996274	0.0971959394014453	0.03569071388309475	0.10711446288710919
g__GOTU48	0.0	0.0	0.0	0.0
g__GOTU480	0.0018212892688179278	0.0	0.0004007277215423205	0.0047998132944621665
g__GOTU481	0.01808055683243078	0.12340734332884848	0.021496132258003533	0.09171346662572868
g__GOTU482	0.084861911848767	0.11435489136691664	0.16145005223052367	0.1332417638567296
g__GOTU483	0.0	0.0	0.0	0.0
g__GOTU484	0.0	0.004071357487755194	0.0	0.0013856360482482173
g__GOTU485	0.0	0.0	0.0	0.0
g__GOTU486	0.0440003865475375	0.12365331084899327	0.09942138630325807	0.14126387436720828
g__GOTU487	0.031214703840945577	0.046649933313358816	0.03299450419076574	0.030516158298784766
g__GOTU488	0.0	0.0017264272059815985	0.005401362805384739	0.0
g__GOTU489	0.0	0.0002726174326853035	0.0	0.0024258047075906447
g__GOTU49	0.0	0.0	0.0	0.00029192097474659023
g__GOTU490	0.003472504526020824	0.0	0.0	0.0
g__GOTU491	0.0	0.0	0.012594663113075681	0.0
g__GOTU492	0.02283292332049972	0.018495102761858857	0.058749885357488416	0.011617983423495484
g__GOTU493	0.01670498640168317	0.004844022476264296	0.0226370250330586	0.003624690608727667
g__GOTU494	0.0	0.0021022324199266845	0.003987544012233512	0.0008370879049167077
g__GOTU495	0.0	0.004836805517923895	0.003085656615828845	0.00017402441910648912
g__GOTU496	0.0	0.0024962684781241543	0.0013547740269409386	0.003095248640737182
g__GOTU497	0.0	0.003343057765309155	0.0147994069375275	0.0014587939621906083
g__GOTU498	0.0	0.0	0.0	0.0
g__GOTU499	0.0029546791133861603	0.011600690838256848	0.0560205238716004	0.0037525310448440416
g__GOTU5	0.0	0.0	0.0	0.0
g__GOTU50	0.0	0.0	0.0	0.0
g__GOTU500	0.0012607460537991976	0.00044842265090430986	0.0025000626795580907	0.00046092386246028805
g__GOTU501	0.0	0.0	0.0	0.0
g__GOTU502	0.0008013672782798868	0.0007504823554775669	0.0008407674879637501	0.0
g__GOTU503	0.004650141488048231	0.02916988758298171	0.3681182207969104	0.05192724227103107
g__GOTU504	0.0	0.0018089833008577319	0.003561509799025832	0.0005865304871637783
g__GOTU505	0.0007311649809411927	0.0017792448472959113	0.019951502308622453	0.0029789788249439714
g__GOTU506	0.00803274404999876	0.0	0.0	0.0
g__GOTU507	0.0	0.0009892721958567922	0.04604409659342863	0.0
g__GOTU508	0.0038298969881567706	0.01576373643584445	0.009250828276407837	0.00674440042296533
g__GOTU509	0.001477286262068735	0.0026090838796514596	0.029082081821159244	0.00019395045264156632
g__GOTU51	0.0	0.0	0.0	0.0019161745625302245
g__GOTU510	0.0	0.0	0.0	0.0
g__GOTU511	0.020232407309815435	0.0020573028171603364	0.03506132603519485	0.003902684662533607
g__GOTU512	0.0	0.001670639742202885	0.002481153322542257	0.0006455830378949061
g__GOTU513	0.002216313636293076	0.0004840325831322972	0.0050458024579471215	0.0
g__GOTU514	0.0	0.0069980845612860445	0.018601032304147044	0.005501472484146558
g__GOTU515	0.0	0.00010763034573019648	0.0003777176786982341	0.0
g__GOTU516	0.011472429285845754	0.021540250529056833	0.06683552994081735	0.01996689043330761
g__GOTU517	0.0	0.0	0.00022125460209572386	0.0
g__GOTU518	0.008468337937647785	0.008183062923901007	0.022575984568485512	0.013683434359309672
g__GOTU519	0.0	0.0	0.0	0.0004895040817454609
g__GOTU52	0.0	0.0	0.0	0.0
g__GOTU520	0.0029899636644797997	0.0037961487423516286	0.02400539759397837	0.01118817176274678
g__GOTU521	0.0	0.0	0.0	0.0004520418584928152
g__GOTU522	0.03239937132740073	0.03817433199371937	0.3291993737953755	0.03414783012987317
g__GOTU523	0.0	0.0	0.0009493430546062124	0.00020535736288288876
g__GOTU524	0.0018072934618577228	0.0	0.002229183880919966	0.0
g__GOTU525	0.0008531320116787205	0.0008467278472575035	0.0	0.00017216840365456124
g__GOTU526	0.00012088776520832892	0.0012474301972330312	0.006638748323405039	0.0004919398317910833
g__GOTU527	0.0	0.0	0.0	0.0
g__GOTU528	0.0	0.0	0.0	0.0009275786354788225
g__GOTU529	0.0	0.0	0.0	0.0
g__GOTU53	0.0	0.0	0.0	0.0
g__GOTU530	0.0	0.0005893260073543137	0.00042514436012939546	0.0
g__GOTU531	0.0	0.0	0.0	0.0
g__GOTU532	0.0	0.0	0.0	0.0
g__GOTU533	0.0	0.0	0.0	0.0
g__GOTU534	0.005166298553526795	0.0	0.0	0.0
g__GOTU535	0.0008583899695956819	0.006276561111595587	0.005088664543283839	0.0012204229021913718
g__GOTU536	0.0	0.00151525575879094	0.0	0.0
g__GOTU537	0.046561096238625144	0.0008504402479719281	0.10780872878320563	0.002784727009772816
g__GOTU538	0.0	0.0	0.0	0.0
g__GOTU539	0.019112391015514218	0.0	0.0	0.0
g__GOTU54	0.0	0.0	0.0	0.0
g__GOTU540	0.0	0.0	0.0	0.0
g__GOTU541	0.0	0.0	0.0	0.0
g__GOTU542	0.003927464471422635	0.004045014368905156	0.02861623388314534	0.008999787681301202
g__GOTU543	0.0	0.0	0.0	0.0
g__GOTU544	0.0002914062830108675	0.0	0.0	0.0005832798174100869
g__GOTU545	0.0	0.0	0.0	0.0
g__GOTU546	0.0	0.001625079324758775	0.08815592974873941	0.0
g__GOTU547	0.0	0.0	0.0	0.0
g__GOTU548	0.0	0.0	0.0	0.0
g__GOTU549	0.0	0.0	0.005944490349119921	0.0
g__GOTU55	0.0	0.0	0.0003953944454988296	0.0
g__GOTU550	0.0	0.0	0.0005414521312999761	0.0006339663980903224
g__GOTU551	0.0007285157075271699	0.0	0.0	0.0
g__GOTU552	0.0011122443675667423	0.00246320605401346	0.02686306142495122	0.001975609313955724
g__GOTU553	0.0	2.643190902348345e-05	0.0	9.520747340583261e-05
g__GOTU554	0.00038979114089845063	9.783897192373733e-05	0.0011882479587366592	0.00010043952335419782
g__GOTU555	0.00021709433345798194	0.0	0.0	0.0
g__GOTU556	0.0	0.0008868373848014718	0.0	0.00018783702658495
g__GOTU557	0.0005011588463056072	0.0009359858554918652	0.00522772956571516	0.0011744087460465393
g__GOTU558	0.0	0.0	0.0003717707066989364	0.0
g__GOTU559	0.0	0.0	0.0	0.0
g__GOTU56	0.0	0.0	0.0	0.0
g__GOTU560	0.0	0.0	0.0	0.0
g__GOTU561	0.0004122583932262072	0.0012038787924142154	0.010416259625296074	0.005474401039224863
g__GOTU562	0.00013707639623961084	0.00023396414434375776	0.0	0.0
g__GOTU563	0.013532858028920004	0.041772494046114286	0.08728174452537242	0.07420939128115217
g__GOTU564	0.0	0.0003347975487642789	0.0010699346502523182	0.0005408922645051714
g__GOTU565	0.0	0.0	0.0	0.0
g__GOTU566	0.00308888424536032	0.0	0.013560296196028778	0.0016601567279640093
g__GOTU567	0.002480423322395735	0.014466632138596353	0.03326076971206444	0.023816118495574252
g__GOTU568	0.0	0.0	0.0	0.0012196455235749595
g__GOTU569	0.0	0.0	0.0	0.0
g__GOTU57	0.0	0.025264727048421937	0.03610981008355114	0.0
g__GOTU570	0.004306385387035263	0.005694025367154996	0.032995258846567205	0.00736010374632998
g__GOTU571	0.0	0.0	0.0	0.0
g__GOTU572	0.0	0.00024034994952651056	0.003511267437252108	0.00038305873494305436
g__GOTU573	0.0005069430458705109	0.0	0.00056657651804735	0.0
g__GOTU574	0.0003044230053334915	0.00046223298376724044	0.00048332394303958297	6.793031533225145e-05
g__GOTU575	0.0	0.0	0.0	0.0
g__GOTU576	0.0	0.0	0.0	0.0
g__GOTU577	0.0	3.406250947363521e-05	0.0012536730149620373	0.00035973325778934927
g__GOTU578	0.0001336423590148289	0.00024935455278596194	0.00025813539511236133	0.0
g__GOTU579	0.0	0.0	0.0	0.0011227068129080566
g__GOTU58	0.0	0.0	0.0	0.0
g__GOTU580	0.0	0.0	0.0	0.0
g__GOTU581	0.003319407372744687	0.0	0.0	0.0013127494223902536
g__GOTU582	0.0	0.0	0.00020388689985891022	0.0
g__GOTU583	0.0	0.0	0.0	0.0
g__GOTU584	0.0	0.0	0.000290135396518375	0.0
g__GOTU585	0.0	0.0	0.0	0.0009925015349417656
g__GOTU586	0.0	0.0	0.0	0.0
g__GOTU587	0.0	0.0	0.0	0.0
g__GOTU588	0.0	0.003601301731349714	0.008883878875221197	0.0005676282633464891
g__GOTU589	0.0	0.0	0.0	0.0
g__GOTU59	0.0	0.0	0.0	0.0015777830733255654
g__GOTU590	0.0	0.0010436938196416161	0.00811976182009345	0.0016852160493473262
g__GOTU591	0.0	0.0	0.0	0.0
g__GOTU592	0.0	0.0010967397947201647	0.002519407483924445	0.00018470841063725253
g__GOTU593	0.0	0.0	0.0	0.0
g__GOTU6	0.0	6.954167400717676e-05	0.0	0.0
g__GOTU60	0.0	0.0	0.0	0.0
g__GOTU61	0.0	0.002763180047526697	0.0023709723524587274	0.0
g__GOTU62	0.0	0.0	0.0	5.987256722791196e-05
g__GOTU63	0.0	0.0	0.0	0.0
g__GOTU64	0.0	0.004229796984083063	0.0	0.0
g__GOTU65	0.0	0.0	0.0	0.0
g__GOTU66	0.0	0.0	0.005477994115069182	0.0020287871326363518
g__GOTU67	0.0	0.0	0.0	0.0
g__GOTU68	0.0	0.0	0.0	0.0
g__GOTU69	0.0	8.719191924316162e-05	0.0014025470253981249	0.0
g__GOTU7	0.0	0.0007998900637601346	0.0	0.0
g__GOTU70	0.0	0.0	0.0	0.0
g__GOTU71	0.0	0.0030176378126944726	0.0	0.00048759937275216666
g__GOTU72	0.0	0.0	0.0	0.0
g__GOTU73	0.0	0.0	0.0	0.0027872964607645293
g__GOTU74	0.0	0.0	0.0	0.0
g__GOTU75	0.0	0.0	0.0	0.000554741934052279
g__GOTU76	0.0	0.00010094973510789507	0.0	0.0002361550903856094
g__GOTU77	0.0	0.0	0.0	0.000570914794718616
g__GOTU78	0.0	0.0	0.0	0.0
g__GOTU79	0.0	0.0	0.0	0.0
g__GOTU8	0.0	0.0	0.0004129228329809727	0.0
g__GOTU80	0.0006469747839675085	0.0	0.0	0.0
g__GOTU81	0.0048082036696793255	0.006235837577131514	0.1520913479031363	0.009892985932565797
g__GOTU82	0.0	0.0	0.0	0.0
g__GOTU83	0.0	0.0003405345029558394	0.0	0.0
g__GOTU84	0.0	0.0	0.0	0.0
g__GOTU85	0.0	0.0	0.0	8.980885084186812e-05
g__GOTU86	0.0	0.001126186332107648	0.0	0.0
g__GOTU87	0.0	0.0	0.0	0.0
g__GOTU88	0.0	0.0022403585720778907	0.0	0.0
g__GOTU89	0.0	0.0019851313660681513	0.0	0.0
g__GOTU9	0.0	0.0	0.0	0.0
g__GOTU90	0.0	0.012436938939291303	0.00434371702243349	0.0
g__GOTU91	0.0	0.0	0.0	0.0
g__GOTU92	0.0	0.0	0.0	0.0
g__GOTU93	0.0	0.0	0.0	0.0
g__GOTU94	0.0	0.0	0.0	0.0
g__GOTU95	0.0	0.0	0.0	0.0001396121219874877
g__GOTU96	0.0	0.0	0.0	0.0
g__GOTU97	0.0	0.0	0.0	0.0
g__GOTU98	0.0	0.0	0.0	0.000151249776906579
g__GOTU99	0.0	0.0	0.0	0.0
g__Granulicatella	0.0	0.0004714040937327222	0.0	0.00029741319600046993
g__Haemophilus	0.02229984543565849	0.04878032951600382	0.009418320226447851	0.02543112962251227
g__Hafnia-Obesumbacterium	0.0	0.0032492772880764824	0.009815405316409743	0.0020901625357824223
g__Helicobacter	0.0009573454724739241	0.0	0.0	0.0
g__Holdemanella	0.4028454134165742	0.11570717206465447	0.5873052495265061	0.30665103657716625
g__Holdemania	0.006480019509964633	0.018709246276007653	0.003803313169576962	0.006795230495155679
g__Howardella	0.016414789763101633	0.006620732912682727	0.03772774896795491	0.01653008113734309
g__Hungatella	0.0009681729902949879	0.01960247131731539	0.040898453719175436	0.004571392901201648
g__Intestinibacter	0.10533890680793279	0.13440543227532192	0.19937709155574243	0.18924305753507145
g__Klebsiella	0.004689496064390048	0.050081282429092766	0.03961941238397947	0.02528829332438575
g__Kosakonia	0.0	0.0	0.0	0.0
g__Lachnoclostridium	0.8704453030673142	1.9055253339965126	0.6752193649074676	1.0851710626684008
g__Lachnospira	0.7676631737845643	1.2825823228482318	0.45504710301732965	1.3133436791120767
g__LachnospiraceaeFCS020group	0.06317880968179314	0.05472680564904861	0.07355568844752555	0.09512453480501837
g__LachnospiraceaeNC2004group	0.0	0.0	0.0	0.0
g__LachnospiraceaeND3007group	0.2771412161248664	0.2925053360376	0.32116052902079956	0.6163408490138231
g__LachnospiraceaeNK3A20group	0.022223355666579594	0.0	0.0	0.0007605393036293768
g__LachnospiraceaeNK4A136group	1.9268911027187574	1.8137555653363227	1.2383885988093168	2.294142934193997
g__LachnospiraceaeNK4B4group	0.0	0.0033343855016676697	0.009887021288364153	0.00731469955286453
g__LachnospiraceaeUCG-001	0.2084748977365889	0.23600009259278323	0.12602499883661084	0.3678247606225138
g__LachnospiraceaeUCG-002	0.0003686858515421904	0.002302258323009109	0.0016685011050451308	0.0003605438554452105
g__LachnospiraceaeUCG-003	0.016313446094250592	0.07443691019100795	0.11509026528251053	0.1175076991313255
g__LachnospiraceaeUCG-004	0.30210187885240186	0.4245164723970622	0.12431943990156805	0.3336568449453738
g__LachnospiraceaeUCG-008	0.0	0.0015735365551014313	0.0010391484923772626	0.0005373148480363155
g__LachnospiraceaeUCG-010	0.12129392920870481	0.17817716200054892	0.11182262296545685	0.1395316492752956
g__Lacticaseibacillus	0.0	0.005440435050919501	0.0011372239675981237	0.002248140420326058
g__Lactobacillus	0.008017279125473018	0.011926205850051828	0.006157794028317811	0.00526054140962387
g__Lactococcus	0.0030064755068298287	0.015584139079059154	0.011337319744828345	0.011794992945388558
g__Latilactobacillus	0.0	0.0004178438210629384	0.0021075388274997683	0.001014127204339653
g__Leuconostoc	0.0008616109252265314	6.525784306048098e-05	0.0	0.0
g__Libanicoccus	0.013671441625948012	0.0006000595775491271	0.023766420512755425	0.014461625224925757
g__Ligilactobacillus	0.12241828795164678	0.004867168299930513	0.009382991442568227	0.05800418053999356
g__Limosilactobacillus	0.013175063556070727	0.0063517240546160335	0.000631940055971833	0.010552668841690482
g__Listeria	0.0	0.00038631951292835917	0.0	0.0
g__Mailhella	0.0032773454608064803	0.00027988230845269434	0.008370840593651917	0.005654435198332729
g__Marvinbryantia	0.044315367238183447	0.021184032592525392	0.07153857350480575	0.06246630748486087
g__Megamonas	0.2191421269679659	0.1660758878131665	0.0	0.09755142913053365
g__Megasphaera	0.16302351126408723	0.1092910375078907	0.08508190271709942	0.04940922433030515
g__Methanobrevibacter	0.008329804338413526	0.01545839829929161	0.18080544330319592	0.027095664537420194
g__Methanocorpusculum	0.0	0.0	0.001850892130006659	0.0
g__Methanosphaera	0.0	0.0	0.010463647995452525	0.0011715366472149326
g__Mitsuokella	0.16588517929475907	0.012521279798686998	0.1628394568163502	0.0864505440450171
g__Mogibacterium	0.00016403257686976627	0.00023294722761739507	0.0006283945575409148	0.0009666285185429992
g__Monoglobus	0.22757832753285268	0.43752417933224236	0.29997068446433406	0.49167072147514074
g__Morganella	0.0	0.0	0.003981538661552966	0.0
g__Murdochiella	0.0	5.6275000168824995e-05	0.0	0.0002768358766640801
g__Muribaculum	0.0	0.0005399432606720668	0.0	0.0
g__Negativibacillus	0.02136674100759601	0.11296051369039149	0.14806799071723456	0.06563790557512131
g__Negativicoccus	0.0	0.0004985077999853768	0.0	0.0
g__NK4A214group	0.6472329640129754	0.5253685084670715	1.7670183787845026	0.6831183746698795
g__Odoribacter	0.17358275126060219	0.31892863232830715	0.3190465491705554	0.21873249454757213
g__Olsenella	0.013513220633234024	0.025281431600881598	0.027364352986459294	0.025503524045860503
g__Oribacterium	0.01705076070727643	0.002080993716967301	0.01064643721084896	0.0037115846106522345
g__Oscillibacter	0.1400907165273106	0.5518301328996739	0.35942172679008394	0.21655811993230864
g__Oscillospira	0.0009393081682238313	0.01686510052438817	0.002255171438603682	0.0018981081835862338
g__Oxalobacter	0.0025452250409582714	0.005003429686297679	0.01043088921570853	0.0021279234105283755
g__p-1088-a5gutgroup	0.0	0.0	0.001284240107574	0.0
g__Paludicola	0.0018906211394592747	0.013140120400672504	0.020765993541819735	0.006541438171851906
g__Pantoea	0.0	0.0	0.0	0.0
g__Papillibacter	0.0	0.00020800285396001795	0.0	0.00010126790456011086
g__Parabacteroides	0.8536823162439561	1.9176398150364653	1.3438211179720754	1.3053738841168065
g__Paraeggerthella	0.00042999825492374814	0.00039649871742207646	0.0	0.0
g__Paraprevotella	0.27708366283289765	0.308389198656831	0.28112235925668133	0.319687921464506
g__Parasutterella	0.09408514132246437	0.4293386697883153	0.20505575187821012	0.2640885620860762
g__Parvimonas	0.0	0.00019323006909403734	0.007622271099799966	0.00019661354769172175
g__Pediococcus	0.0005562882827481856	0.0007157495337989042	0.0	0.00045515400135635864
g__Peptoclostridium	0.0	0.0	0.0	0.0
g__Peptococcus	0.004784240802443833	0.015002637821989812	0.0546541295983469	0.025466626812123496
g__Peptoniphilus	0.0	0.00012623859999000704	0.0006693399316333784	0.00046200424154992174
g__Peptostreptococcus	0.0	0.0010814729984371363	0.0031021697287502716	0.00022164425375374746
g__Phascolarctobacterium	1.2459626844987974	0.6513969896172386	1.2084738313158698	0.646485635077742
g__Porphyromonas	0.0	0.006314022960466722	0.0036600778219917913	0.0003361578502349547
g__Prevotella	1.1389203506794008	0.06139809874779093	0.44947688086785625	0.514446789897265
g__Prevotella-7	0.27585475016609373	0.029933562048385782	0.22181666531438876	0.3371717475821781
g__Prevotella-9	38.71784991524153	0.2108167141828948	4.550949867708028	0.5711116372418488
g__PrevotellaceaeGa6A1group	0.016183053978667473	0.004900428365031197	0.04766797105171716	0.00907200567674018
g__PrevotellaceaeNK3B31group	0.5823412535535492	0.21634120460174192	0.2273749501085901	0.2829343104508799
g__PrevotellaceaeUCG-001	0.006829835153044015	0.00585425742508014	0.004476773714318511	0.31472767445520555
g__PrevotellaceaeUCG-003	0.08056421814172979	0.0	0.03405800930897826	0.016639632034093143
g__PrevotellaceaeUCG-004	0.0057666563690660115	0.0	0.0	0.0
g__Proteus	0.0	0.0	0.0	0.0
g__Pseudomonas	0.00025459563303021927	0.0	0.0	0.0
g__Pygmaiobacter	0.0	0.0	0.0	0.0010271671986468512
g__Pyramidobacter	0.0	0.0006314432133148099	0.0010577220052716864	0.00031556476499765724
g__Raoultella	0.0	0.0014595996553749446	0.016413689992524433	0.00458459551460977
g__Rikenella	0.0	0.00028072165114860774	0.002321083172147	0.0010899166753990835
g__RikenellaceaeRC9gutgroup	0.1877416506904837	0.033647751241894897	0.8902945228673844	0.3546844730727663
g__Romboutsia	0.0004905734180796217	0.0030907033021894633	0.0012408484194118988	0.007866107939441183
g__Roseburia	3.3183797172919918	5.524808238644414	2.501248799821374	6.941420502360511
g__Rothia	0.0	7.346087708761127e-05	0.0	0.0001012912609951663
g__Ruminiclostridium	0.0	0.008948315212597823	0.04498431253392594	0.003532986313992182
g__Ruminococcus	2.0154980736947676	3.1366524434671716	4.038858180315297	6.146113873338312
g__Ruminococcusgauvreauiigroup	0.1291583635742311	0.1747595025062713	0.14649118299319516	0.21260941538293518
g__Ruminococcusgnavusgroup	0.05440773440881165	0.6367246753419105	0.08628436556468357	0.13850921151201964
g__Ruminococcustorquesgroup	0.486771474785285	0.8829700783476385	0.7775188936300779	0.7212994710326751
g__S5-A14a	0.0	0.0	0.0	0.00013841793833204021
g__Salmonella	0.0	0.0006110440906462246	0.0	0.004653832178452881
g__Sarcina	0.0	0.000281240156594519	0.0	0.0
g__Schleiferilactobacillus	0.0	0.00011530396174163309	0.0	0.0
g__Schwartzia	0.0	0.0	0.0	0.0
g__Selenomonas	0.0016476161054474335	0.0	0.0	0.0
g__Sellimonas	0.002835689573944713	0.03661606586329227	0.01074283826581832	0.00812941195626223
g__Senegalimassilia	0.03747437847561852	0.04074518643782382	0.07288771567344951	0.055040164391420406
g__Serratia	0.0	0.0	0.0	0.0
g__Sharpea	0.0	0.0	0.0	0.0
g__Shuttleworthia	0.08861470536212858	0.1204424863681663	0.08037348575918177	0.12994210339287857
g__Slackia	0.034331355385462385	0.021233400800518276	0.08990950605036127	0.06986557747459772
g__Sneathia	0.0	0.0	0.0	0.0
g__Solobacterium	0.03456955434663382	0.0021570087458051344	0.037388130686735334	0.02940800283763069
g__Sphaerochaeta	0.0	0.0	0.0	0.0
g__Sphingobium	0.0	7.517579322275176e-05	0.0	3.0538062335514136e-05
g__Staphylococcus	0.0009835758141948819	0.00042841521483664405	0.0	0.0002495069080218159
g__Streptococcus	0.14451731428399198	0.24200286024331324	0.1594272103657003	0.3237333648248358
g__Subdoligranulum	2.0544982616550427	3.367662290881562	3.7709834879134707	5.72401266922997
g__Succiniclasticum	0.016032855578392048	0.004659910039036133	0.03465087864500003	0.026412801215503424
g__Succinivibrio	0.49039210981517256	0.08636293787012925	0.02780901746890211	0.15758644487836956
g__Sutterella	0.8350839369545422	0.9628984185389227	0.5487946887237817	0.6478613483465561
g__Syntrophococcus	0.0	0.0	0.0	0.0
g__Tatumella	0.0	0.0	0.0	0.0
g__TermiteTreponemacluster	0.0	0.0	0.0	0.0
g__Terrisporobacter	0.16914002968066502	0.12844184435492273	0.24175223109986438	0.22536277365984325
g__TM7x	0.0	7.65365684777676e-05	0.0	1.7877941927081158e-05
g__Treponema	0.03251290362389518	0.0	0.0	0.0
g__Turicibacter	0.02844378425132565	0.03482336928842036	0.04322579934566617	0.03689294429491751
g__Tyzzerella	0.054136888670806634	0.20871906000390505	0.16902533443378484	0.09899518474010953
g__UBA1819	0.008108569698126511	0.09405764972255512	0.14966581155089415	0.026133935158744986
g__UCG-002	1.8628000795348771	1.9635841442315805	6.142912952849244	2.41059446917581
g__UCG-003	0.32743754872562575	0.27371184402725507	0.4345666913945496	0.3138085021837925
g__UCG-004	0.0319000604965763	0.006282513122715359	0.02474952433928764	0.005022515923137849
g__UCG-005	0.7417531045320974	0.5746101817209426	2.665638888882779	0.9235289518492128
g__UCG-007	0.00023994011094830722	0.0006826478316068732	0.004999642249704277	0.0011704948963743398
g__UCG-008	0.027584794658050252	0.0031224644752098647	0.0377579968411137	0.0174762942452865
g__UCG-009	0.01874289068564105	0.005994195378667016	0.055575741236393666	0.008174698827657994
g__V9D2013group	0.0	6.0700709567014444e-05	0.0011373882982844885	0.0
g__Varibaculum	0.0	0.0	0.002196027012203477	0.00017757825873862608
g__Veillonella	0.006041529757724105	0.0662365104798782	0.007602405764209422	0.020919755619372198
g__Victivallis	0.018851023696945544	0.014461875589325188	0.03392962298542094	0.012120649867699588
g__W5053	0.0	9.970155999707535e-05	0.0	0.0
g__Weissella	0.0	9.611186322458063e-05	0.030988936300538006	0.0
g__Z20	0.0	0.0	0.0	0.0
