""	"305-5-16641"	"304-4-78826"	"302-2-89334"	"306-6-83608"	"301-1-59020"
"f__Acholeplasmataceae"	0	0	0	0	0
"f__Acidaminococcaceae"	0	0.07932149612545	1.05673114371024	0	1.058257616248
"f__Actinomycetaceae"	0	0	0	0	0
"f__Akkermansiaceae"	0.193969317580674	0	0	0.159401630801299	0.224478888295029
"f__Anaerofustaceae"	0	0	0	0	0
"f__Anaerolineaceae"	0	0	0	0	0
"f__Anaerovoracaceae"	0.137541879739023	0	0	0.266691189994482	0.0498841973988954
"f__Arcobacteraceae"	0	0	0	0	0
"f__Atopobiaceae"	0.0493740081114442	0.152541338702788	0	0	0
"f__Bacillaceae"	0	0	0	0	0
"f__Bacteroidaceae"	24.8703932287074	0.244066141924462	20.8256523432429	5.19588008092698	18.9239265989667
"f__BacteroidalesRF16group"	0	0	0	0	0
"f__Barnesiellaceae"	1.79862458120261	0	0.415422562637933	0.141009134939612	0.926420808836629
"f__Bifidobacteriaceae"	4.39781343678364	1.15016169381903	3.40386862261457	1.65532462755196	1.68537324069125
"f__Brachyspiraceae"	0	0	0	0	0
"f__Brevibacteriaceae"	0	0	0	0	0
"f__Butyricicoccaceae"	0.27861047434315	0.231862834828239	0.542645722445801	1.81779167433021	0.228042045252093
"f__Campylobacteraceae"	0	0	0	0	0
"f__Carnobacteriaceae"	0	0	0	0	0
"f__Christensenellaceae"	0.246870040557221	0.195252913539569	0.29339218486304	2.92440684200846	0.281489399608053
"f__Clostridiaceae"	0	0	0.0545242113462287	0	0.295742027436309
"f__Clostridiummethylpentosumgroup"	0	0	0	0	0.0178157847853198
"f__Comamonadaceae"	0	0	0	0	0
"f__Coriobacteriaceae"	0.109328160818198	0.835926536091281	1.78372062832663	1.05450309607014	0.851594512738286
"f__Corynebacteriaceae"	0	0	0	0	0
"f__Defluviitaleaceae"	0.0352671486510316	0	0	0	0
"f__Desulfitibacteraceae"	0	0	0	0	0
"f__Desulfovibrionaceae"	0.25745018515253	0.219659527732015	0.093470076593535	0.453681564588315	0.0783894530554071
"f__Dysgonomonadaceae"	0	0	0	0	0
"f__Eggerthellaceae"	0.490213366249339	0.0732198425773384	0.399844216539011	0.0613083195389615	0.199536789595581
"f__Elusimicrobiaceae"	0	0	0	0	0
"f__Enterobacteriaceae"	0	0.228812008054183	0.0986628586265092	1.00545644043897	0
"f__Enterococcaceae"	0	0	0	0	0
"f__Erwiniaceae"	0	0	0	0	0
"f__Erysipelatoclostridiaceae"	0.888732146005995	0.0945756299957288	2.15760093470077	4.27318987186561	0.848031355781222
"f__Erysipelotrichaceae"	0.246870040557221	0.356946732564525	0.147994287939764	0.107289559193183	0.149652592196686
"f__Eubacteriaceae"	0	0	0	0	0
"f__Eubacteriumcoprostanoligenesgroup"	0.514900370305061	0.530843858685704	0	2.73741646741463	1.50008907892392
"f__FamilyXI"	0	0	0	0	0
"f__FOTU1"	0	2.97760693147843	0	0	0
"f__FOTU10"	0	0	0	0	0
"f__FOTU11"	0	0	0	0	0
"f__FOTU12"	0	0	0	0	0
"f__FOTU13"	0	0	0	0	0
"f__FOTU14"	0	0	0	0	0
"f__FOTU15"	0	0	0	0.0766353994237018	0.0570105113130233
"f__FOTU16"	0	0	0	0	0
"f__FOTU17"	0	0.0457624016108365	0	0	0
"f__FOTU18"	0	0	0	0	0
"f__FOTU19"	0	0	0	0	0
"f__FOTU2"	0.218656321636396	0	0	0	0
"f__FOTU20"	0	0	0	0	0
"f__FOTU21"	0	0	0	0	0
"f__FOTU22"	0	0.0152541338702788	0	0.144074550916559	0
"f__FOTU23"	0	0	0	0	0
"f__FOTU24"	0	0	0	0.0214579118386365	0
"f__FOTU25"	0	0	0	0	0
"f__FOTU26"	0.232763181096809	0.198303740313625	0	4.47550732634418	0.662747194013896
"f__FOTU27"	0	0	0	0	0
"f__FOTU28"	0	0	0	0.0919624793084422	0
"f__FOTU29"	0	0	0	0	0
"f__FOTU3"	0	0	0	0	0
"f__FOTU30"	0	0	0	0	0
"f__FOTU31"	0	0	0	0	0
"f__FOTU32"	0	0	0	0	0
"f__FOTU33"	1.17439605007935	0	0	0.0643737355159095	0.220915731337965
"f__FOTU34"	0	0	0	0	0
"f__FOTU35"	0	0	0	0	0
"f__FOTU36"	0	0.250167795472573	0	0.137943718962663	0
"f__FOTU37"	0	0.0427115748367808	0	0.0153270798847404	0
"f__FOTU38"	0	0	0	0	0
"f__FOTU39"	0	0	0	0.0705045674698057	0
"f__FOTU4"	0	0	0	0	0
"f__FOTU40"	0	0	0	0.34945742137208	0
"f__FOTU41"	0	0.0152541338702788	0	0.147139966893508	0
"f__FOTU42"	0	0	0	0	0
"f__FOTU43"	0	0	0	0	0
"f__FOTU44"	0	0	0	0	0
"f__FOTU45"	0	0	0	0.0183924958616884	0
"f__FOTU46"	0	0.0915248032216731	0	0.367849917233769	0.0285052556565117
"f__FOTU47"	0	0	0	0	0
"f__FOTU48"	0	0	0	0	0
"f__FOTU49"	0	0	0	0	0
"f__FOTU5"	0	0	0	0.150205382870456	0
"f__FOTU50"	0	0	0	0.0306541597694807	0
"f__FOTU51"	0	0	0	0	0
"f__FOTU52"	0	0	0	0	0
"f__FOTU53"	0	0	0	0	0
"f__FOTU54"	0	0	0	0	0
"f__FOTU55"	0	0	0	0	0
"f__FOTU56"	0	0	0	0	0
"f__FOTU57"	0	0	0	0.0306541597694807	0
"f__FOTU58"	0	0	0.0467350382967675	0	0
"f__FOTU59"	0	0	0	0	0
"f__FOTU6"	0	0	0	0	0
"f__FOTU60"	0	0	0	0.0919624793084422	0
"f__FOTU61"	0	0	0	0	0
"f__FOTU62"	0	0	0	0	0
"f__FOTU63"	0	0	0	0	0
"f__FOTU64"	0	0	0	0	0
"f__FOTU65"	0	0	0	0	0
"f__FOTU66"	0	0	0	0	0
"f__FOTU67"	0	0	0	0	0
"f__FOTU68"	0	0	0	0	0
"f__FOTU7"	0	0	0	0	0
"f__FOTU8"	0	0	0	0	0
"f__FOTU9"	0	0	0	0	0
"f__Fusobacteriaceae"	0	0	0.319356095027911	0	0
"f__Gemellaceae"	0	0	0	0	0
"f__Hafniaceae"	0	0	0	0	0
"f__Helicobacteraceae"	0	0	0	0	0
"f__Hungateiclostridiaceae"	0.0599541527067537	0	0	0	0
"f__Hydrogenoanaerobacterium"	0	0	0	0	0
"f__Lachnospiraceae"	28.4253218127314	17.7832692659711	31.9096455926263	16.9670774324076	27.5004453946196
"f__Lactobacillaceae"	0.0176335743255158	1.11355177253036	0	0	0
"f__Leptotrichiaceae"	0	0	0	0	0
"f__Listeriaceae"	0	0	0	0	0
"f__Marinifilaceae"	0.141068594604126	0.350845079016414	0.446579254835778	0.377046165164613	0.292178870479245
"f__Methanobacteriaceae"	0	0	0	0.44448531665747	0
"f__Methanocorpusculaceae"	0	0	0	0	0
"f__Methanomethylophilaceae"	0	0	0	0	0
"f__Micrococcaceae"	0	0	0	0	0
"f__Monoglobaceae"	0.123435020278611	0.106778937091952	0.786706477995586	0.585494451597082	0.823089257081774
"f__Moraxellaceae"	0	0	0	0	0
"f__Morganellaceae"	0	0	0	0	0
"f__Muribaculaceae"	0.0282137189208253	0.411861614497529	0	0	0
"f__Oligosphaeraceae"	0	0	0	0	0
"f__Oscillospiraceae"	8.07265032622113	2.66642260052474	1.12423731013891	12.9054012629514	1.86353108854445
"f__Oxalobacteraceae"	0	0	0	0	0
"f__p-2534-18B5gutgroup"	0	0	0	0	0
"f__Pasteurellaceae"	0	0	0	0	0
"f__Peptococcaceae"	0.045847293246341	0	0	0	0
"f__Peptostreptococcaceae"	0.0317404337859284	0	0.228482409450864	0	0.0463210404418315
"f__Pirellulaceae"	0	0	0	0	0
"f__Porphyromonadaceae"	0	0	0	0	0
"f__Prevotellaceae"	0	53.9477698456282	2.22510710112943	17.1908527987248	0
"f__Pseudomonadaceae"	0	0	0	0	0
"f__Puniceicoccaceae"	0	0.112880590640063	0	0.0705045674698057	0
"f__Rikenellaceae"	2.65208957855757	0.372200866434804	2.19654679994807	1.48059591686592	1.09032602886157
"f__Ruminococcaceae"	20.4937400811144	9.93349197632559	26.0366091133325	13.6104469376494	37.7694637448779
"f__Saccharimonadaceae"	0	0	0	0	0
"f__Selenomonadaceae"	0	1.29965220574776	0	0	0
"f__Sphingomonadaceae"	0	0	0	0	0
"f__Spirochaetaceae"	0	0	0	0	0
"f__Sporomusaceae"	0	0	0	0	0
"f__Staphylococcaceae"	0	0	0	0	0
"f__Streptococcaceae"	0.529007229765474	0.170846299347123	0.794495651045047	0	0.402636736148227
"f__Succinivibrionaceae"	0	0	0	0	0
"f__Sutterellaceae"	0.564274378416505	0.655927756421991	0.698429183435026	0.536447795965913	0.705505077498664
"f__Synergistaceae"	0	0	0	0.153270798847404	0
"f__Tannerellaceae"	0.648915535178981	0.0915248032216731	1.82266649357393	2.93053767396236	1.12595759843221
"f__UCG-010"	0	0.0274574409665019	0	2.61786524431365	0.0534473543559594
"f__vadinBE97"	0	0	0	0.0735699834467537	0
"f__Veillonellaceae"	2.02433433256921	2.92574287631949	0.0908736855770479	1.86377291398443	0
"f__Victivallaceae"	0	0	0	0.0551774875850653	0.0391947265277035
"f__Yersiniaceae"	0	0	0	0	0
